99		630		4		4 1	5 3	
73		5290		4		9857 1	9858 3	
100		5290		4		9677 3	9858 3	
101		5289		4		9675 3	9677 3	
102		5288		4		9673 3	9675 3	
103		5156		4		9388 3	9673 3	
104		4999		4		9061 3	9388 3	
105		4850		4		8743 3	9061 3	
106		4663		4		8339 3	8743 3	
107		4467		4		7922 3	8339 3	
108		4193		4		7339 3	7922 3	
109		3606		4		6094 3	7339 3	
110		3265		4		5379 3	6094 3	
111		2475		4		3744 3	5379 3	
112		2046		4		2869 3	3744 3	
113		1589		4		1926 3	2869 3	
114		1112		4		972 3	1926 3	
115		633		4		12 3	972 3	
116		631		4		8 3	12 3	
117		630		4		4 1	8 3	
2		5454		1		10018 3	10079 3	
1		5479		1		9856 1	10318 1	
43		5424		1		9958 3	9960 3	
73		5290		1		9857 1	9858 3	
3		5392		1		9856 1	10157 3	
4		5392		1		10155 3	10157 3	
5		5520		1		10153 3	10155 3	
6		5518		1		10151 3	10153 3	
7		5517		1		10149 3	10151 3	
8		5516		1		10147 3	10149 3	
9		5515		1		10145 3	10147 3	
10		5514		1		10143 3	10145 3	
11		5513		1		10141 3	10143 3	
12		5512		1		10139 3	10141 3	
13		5511		1		10137 3	10139 3	
14		5510		1		10135 3	10137 3	
15		5509		1		10133 3	10135 3	
16		5508		1		10131 3	10133 3	
17		5508		1		10129 3	10131 3	
18		5507		1		10127 3	10129 3	
19		5506		1		10125 3	10127 3	
20		5505		1		10123 3	10125 3	
21		5504		1		10121 3	10123 3	
22		5503		1		10119 3	10121 3	
23		5502		1		10117 3	10119 3	
24		5501		1		10115 3	10117 3	
25		5500		1		10113 3	10115 3	
26		5499		1		10111 3	10113 3	
27		5498		1		10109 3	10111 3	
28		5497		1		10107 3	10109 3	
29		5496		1		10105 3	10107 3	
30		5495		1		10103 3	10105 3	
31		5494		1		10101 3	10103 3	
32		5493		1		10099 3	10101 3	
33		5492		1		10097 3	10099 3	
34		5491		1		10095 3	10097 3	
35		5490		1		10093 3	10095 3	
36		5489		1		10091 3	10093 3	
37		5488		1		10089 3	10091 3	
38		5487		1		10087 3	10089 3	
39		5486		1		10085 3	10087 3	
40		5485		1		10083 3	10085 3	
41		5484		1		10081 3	10083 3	
42		5483		1		10079 3	10081 3	
44		5453		1		10016 3	10018 3	
45		5452		1		10014 3	10016 3	
46		5451		1		10012 3	10014 3	
47		5450		1		10010 3	10012 3	
48		5449		1		10008 3	10010 3	
49		5448		1		10006 3	10008 3	
50		5447		1		10004 3	10006 3	
51		5446		1		10002 3	10004 3	
52		5445		1		10000 3	10002 3	
53		5444		1		9998 3	10000 3	
54		5443		1		9996 3	9998 3	
55		5442		1		9994 3	9996 3	
56		5441		1		9992 3	9994 3	
57		5440		1		9990 3	9992 3	
58		5439		1		9988 3	9990 3	
59		5438		1		9986 3	9988 3	
60		5437		1		9984 3	9986 3	
61		5436		1		9982 3	9984 3	
62		5435		1		9980 3	9982 3	
63		5434		1		9978 3	9980 3	
64		5433		1		9976 3	9978 3	
65		5432		1		9974 3	9976 3	
66		5431		1		9972 3	9974 3	
67		5430		1		9970 3	9972 3	
68		5429		1		9968 3	9970 3	
69		5428		1		9966 3	9968 3	
70		5427		1		9964 3	9966 3	
71		5426		1		9962 3	9964 3	
72		5425		1		9960 3	9962 3	
74		5423		1		9956 3	9958 3	
75		5422		1		9954 3	9956 3	
76		5421		1		9952 3	9954 3	
77		5420		1		9950 3	9952 3	
78		5419		1		9948 3	9950 3	
79		5418		1		9946 3	9948 3	
80		5417		1		9944 3	9946 3	
81		5416		1		9942 3	9944 3	
82		5415		1		9940 3	9942 3	
83		5414		1		9938 3	9940 3	
84		5413		1		9936 3	9938 3	
85		5412		1		9934 3	9936 3	
86		5412		1		9932 3	9934 3	
87		5410		1		9930 3	9932 3	
88		5409		1		9928 3	9930 3	
89		5408		1		9926 3	9928 3	
90		5407		1		9924 3	9926 3	
91		5406		1		9922 3	9924 3	
92		5405		1		9920 3	9922 3	
93		5404		1		9918 3	9920 3	
94		5403		1		9916 3	9918 3	
95		5402		1		9914 3	9916 3	
96		5402		1		9912 3	9914 3	
97		5382		1		9860 3	9912 3	
98		5382		1		9857 1	9860 3	
1		5479		3		9856 1	10318 1	
349		627		3		1 1	2 2	
594		627		3		2 2	10 2	
595		632		3		10 2	14 2	
596		634		3		14 2	16 2	
597		635		3		16 2	18 2	
598		636		3		18 2	974 2	
599		1113		3		974 2	1934 2	
600		1592		3		1934 2	2873 2	
601		2048		3		2873 2	5335 2	
602		3247		3		5335 2	6080 2	
603		3600		3		6080 2	7759 2	
604		3910		3		7759 2	8216 2	
605		4430		3		8216 2	8622 2	
606		4661		3		8622 2	8725 2	
607		4842		3		8725 2	9052 2	
608		4996		3		9052 2	9386 2	
609		5299		3		9386 2	9696 2	
610		5300		3		9696 2	9698 2	
611		5465		3		9698 2	10044 2	
612		5466		3		10044 2	10046 2	
613		5467		3		10046 2	10048 2	
614		5468		3		10048 2	10050 2	
615		5469		3		10050 2	10052 2	
616		5470		3		10052 2	10054 2	
617		5471		3		10054 2	10056 2	
618		5472		3		10056 2	10058 2	
619		5473		3		10058 2	10060 2	
620		5474		3		10060 2	10062 2	
621		5475		3		10062 2	10064 2	
622		5476		3		10064 2	10066 2	
623		5476		3		10066 2	10068 2	
624		5477		3		10068 2	10070 2	
625		5478		3		10070 2	10072 2	
626		5479		3		10072 2	10318 1	
349		627		5		1 1	2 2	
118		881		5		508 3	510 3	
99		630		5		4 1	5 3	
350		880		5		506 3	508 3	
351		879		5		504 3	506 3	
352		878		5		502 3	504 3	
353		877		5		500 3	502 3	
354		876		5		498 3	500 3	
355		875		5		496 3	498 3	
356		874		5		494 3	496 3	
357		874		5		492 3	494 3	
358		873		5		490 3	492 3	
359		872		5		488 3	490 3	
360		871		5		486 3	488 3	
361		870		5		484 3	486 3	
362		869		5		482 3	484 3	
363		868		5		480 3	482 3	
364		867		5		478 3	480 3	
365		866		5		476 3	478 3	
366		865		5		474 3	476 3	
367		864		5		472 3	474 3	
368		863		5		470 3	472 3	
369		862		5		468 3	470 3	
370		861		5		466 3	468 3	
371		860		5		464 3	466 3	
372		859		5		462 3	464 3	
373		858		5		460 3	462 3	
374		857		5		458 3	460 3	
375		856		5		456 3	458 3	
376		854		5		454 3	456 3	
377		853		5		452 3	454 3	
378		852		5		450 3	452 3	
379		851		5		448 3	450 3	
380		850		5		446 3	448 3	
381		849		5		444 3	446 3	
382		848		5		442 3	444 3	
383		847		5		440 3	442 3	
384		846		5		438 3	440 3	
385		845		5		436 3	438 3	
386		844		5		434 3	436 3	
387		843		5		432 3	434 3	
388		842		5		430 3	432 3	
389		841		5		428 3	430 3	
390		840		5		426 3	428 3	
391		839		5		424 3	426 3	
392		838		5		422 3	424 3	
393		837		5		420 3	422 3	
394		836		5		418 3	420 3	
395		835		5		416 3	418 3	
396		834		5		414 3	416 3	
397		833		5		412 3	414 3	
398		832		5		410 3	412 3	
399		831		5		408 3	410 3	
400		830		5		406 3	408 3	
401		829		5		404 3	406 3	
402		828		5		402 3	404 3	
403		827		5		400 3	402 3	
404		826		5		398 3	400 3	
405		825		5		396 3	398 3	
406		824		5		394 3	396 3	
407		823		5		392 3	394 3	
408		822		5		390 3	392 3	
409		821		5		388 3	390 3	
410		820		5		386 3	388 3	
411		819		5		384 3	386 3	
412		818		5		382 3	384 3	
413		817		5		380 3	382 3	
414		817		5		378 3	380 3	
415		816		5		376 3	378 3	
416		815		5		374 3	376 3	
417		814		5		372 3	374 3	
418		813		5		370 3	372 3	
419		812		5		368 3	370 3	
420		811		5		366 3	368 3	
421		810		5		364 3	366 3	
422		809		5		362 3	364 3	
423		808		5		360 3	362 3	
424		807		5		358 3	360 3	
425		806		5		356 3	358 3	
426		805		5		354 3	356 3	
427		804		5		352 3	354 3	
428		803		5		350 3	352 3	
429		802		5		348 3	350 3	
430		801		5		346 3	348 3	
431		800		5		344 3	346 3	
432		799		5		342 3	344 3	
433		798		5		340 3	342 3	
434		797		5		338 3	340 3	
435		795		5		336 3	338 3	
436		794		5		334 3	336 3	
437		793		5		332 3	334 3	
438		792		5		330 3	332 3	
439		791		5		328 3	330 3	
440		790		5		326 3	328 3	
441		789		5		324 3	326 3	
442		788		5		322 3	324 3	
443		788		5		320 3	322 3	
444		787		5		318 3	320 3	
445		786		5		316 3	318 3	
446		785		5		314 3	316 3	
447		784		5		312 3	314 3	
448		783		5		310 3	312 3	
449		782		5		308 3	310 3	
450		781		5		306 3	308 3	
451		780		5		304 3	306 3	
452		779		5		302 3	304 3	
453		778		5		300 3	302 3	
454		777		5		298 3	300 3	
455		776		5		296 3	298 3	
456		775		5		294 3	296 3	
457		774		5		292 3	294 3	
458		773		5		290 3	292 3	
459		772		5		288 3	290 3	
460		771		5		286 3	288 3	
461		770		5		284 3	286 3	
462		769		5		282 3	284 3	
463		767		5		280 3	282 3	
464		766		5		278 3	280 3	
465		765		5		276 3	278 3	
466		764		5		274 3	276 3	
467		763		5		272 3	274 3	
468		762		5		270 3	272 3	
469		761		5		268 3	270 3	
470		760		5		266 3	268 3	
471		760		5		264 3	266 3	
472		758		5		262 3	264 3	
473		757		5		260 3	262 3	
474		756		5		258 3	260 3	
475		755		5		256 3	258 3	
476		755		5		254 3	256 3	
477		754		5		252 3	254 3	
478		753		5		250 3	252 3	
479		752		5		248 3	250 3	
480		751		5		246 3	248 3	
481		750		5		244 3	246 3	
482		749		5		242 3	244 3	
483		748		5		240 3	242 3	
484		747		5		238 3	240 3	
485		746		5		236 3	238 3	
486		745		5		234 3	236 3	
487		744		5		232 3	234 3	
488		743		5		230 3	232 3	
489		742		5		228 3	230 3	
490		741		5		226 3	228 3	
491		740		5		224 3	226 3	
492		739		5		222 3	224 3	
493		737		5		220 3	222 3	
494		736		5		218 3	220 3	
495		735		5		216 3	218 3	
496		734		5		214 3	216 3	
497		733		5		212 3	214 3	
498		732		5		210 3	212 3	
499		731		5		208 3	210 3	
500		730		5		206 3	208 3	
501		729		5		204 3	206 3	
502		728		5		202 3	204 3	
503		727		5		200 3	202 3	
504		726		5		198 3	200 3	
505		725		5		196 3	198 3	
506		725		5		194 3	196 3	
507		724		5		192 3	194 3	
508		723		5		190 3	192 3	
509		722		5		188 3	190 3	
510		721		5		186 3	188 3	
511		720		5		184 3	186 3	
512		719		5		182 3	184 3	
513		718		5		180 3	182 3	
514		717		5		178 3	180 3	
515		716		5		176 3	178 3	
516		715		5		174 3	176 3	
517		714		5		172 3	174 3	
518		713		5		170 3	172 3	
519		712		5		168 3	170 3	
520		711		5		166 3	168 3	
521		710		5		164 3	166 3	
522		708		5		162 3	164 3	
523		707		5		160 3	162 3	
524		706		5		158 3	160 3	
525		705		5		156 3	158 3	
526		704		5		154 3	156 3	
527		703		5		152 3	154 3	
528		702		5		150 3	152 3	
529		701		5		148 3	150 3	
530		700		5		146 3	148 3	
531		700		5		144 3	146 3	
532		699		5		142 3	144 3	
533		698		5		140 3	142 3	
534		697		5		138 3	140 3	
535		696		5		136 3	138 3	
536		695		5		134 3	136 3	
537		694		5		132 3	134 3	
538		693		5		130 3	132 3	
539		692		5		128 3	130 3	
540		691		5		126 3	128 3	
541		690		5		124 3	126 3	
542		689		5		122 3	124 3	
543		688		5		120 3	122 3	
544		687		5		118 3	120 3	
545		686		5		116 3	118 3	
546		685		5		114 3	116 3	
547		684		5		112 3	114 3	
548		683		5		110 3	112 3	
549		682		5		108 3	110 3	
550		680		5		106 3	108 3	
551		679		5		104 3	106 3	
552		678		5		102 3	104 3	
553		677		5		100 3	102 3	
554		676		5		98 3	100 3	
555		675		5		96 3	98 3	
556		674		5		94 3	96 3	
557		673		5		92 3	94 3	
558		672		5		90 3	92 3	
559		671		5		88 3	90 3	
560		670		5		86 3	88 3	
561		669		5		84 3	86 3	
562		668		5		82 3	84 3	
563		667		5		80 3	82 3	
564		666		5		78 3	80 3	
565		665		5		76 3	78 3	
566		664		5		74 3	76 3	
567		663		5		72 3	74 3	
568		662		5		70 3	72 3	
569		661		5		68 3	70 3	
570		660		5		66 3	68 3	
571		659		5		64 3	66 3	
572		658		5		62 3	64 3	
573		657		5		60 3	62 3	
574		656		5		58 3	60 3	
575		655		5		56 3	58 3	
576		654		5		54 3	56 3	
577		653		5		52 3	54 3	
578		652		5		50 3	52 3	
579		651		5		48 3	50 3	
580		650		5		46 3	48 3	
581		647		5		40 3	46 3	
582		646		5		38 3	40 3	
583		645		5		36 3	38 3	
584		644		5		34 3	36 3	
585		643		5		32 3	34 3	
586		642		5		30 3	32 3	
587		641		5		28 3	30 3	
588		640		5		26 3	28 3	
589		639		5		24 3	26 3	
590		638		5		22 3	24 3	
591		638		5		20 3	22 3	
592		627		5		3 3	20 3	
593		627		5		1 1	3 3	
119		630		5		5 3	6 2	
120		630		5		6 2	42 2	
121		648		5		42 2	44 2	
122		649		5		44 2	962 3	
123		1108		5		960 3	962 3	
124		1107		5		958 3	960 3	
125		1106		5		956 3	958 3	
126		1105		5		954 3	956 3	
127		1104		5		952 3	954 3	
128		1103		5		950 3	952 3	
129		1102		5		948 3	950 3	
130		1101		5		946 3	948 3	
131		1100		5		944 3	946 3	
132		1099		5		942 3	944 3	
133		1098		5		940 3	942 3	
134		1096		5		938 3	940 3	
135		1095		5		936 3	938 3	
136		1094		5		934 3	936 3	
137		1093		5		932 3	934 3	
138		1092		5		930 3	932 3	
139		1091		5		928 3	930 3	
140		1090		5		926 3	928 3	
141		1089		5		924 3	926 3	
142		1088		5		922 3	924 3	
143		1087		5		920 3	922 3	
144		1086		5		918 3	920 3	
145		1085		5		916 3	918 3	
146		1084		5		914 3	916 3	
147		1083		5		912 3	914 3	
148		1082		5		910 3	912 3	
149		1081		5		908 3	910 3	
150		1080		5		906 3	908 3	
151		1079		5		904 3	906 3	
152		1078		5		902 3	904 3	
153		1077		5		900 3	902 3	
154		1076		5		898 3	900 3	
155		1075		5		896 3	898 3	
156		1074		5		894 3	896 3	
157		1073		5		892 3	894 3	
158		1072		5		890 3	892 3	
159		1071		5		888 3	890 3	
160		1070		5		886 3	888 3	
161		1069		5		884 3	886 3	
162		1068		5		882 3	884 3	
163		1067		5		880 3	882 3	
164		1066		5		878 3	880 3	
165		1065		5		876 3	878 3	
166		1064		5		874 3	876 3	
167		1063		5		872 3	874 3	
168		1062		5		870 3	872 3	
169		1061		5		868 3	870 3	
170		1060		5		866 3	868 3	
171		1059		5		864 3	866 3	
172		1058		5		862 3	864 3	
173		1057		5		860 3	862 3	
174		1056		5		858 3	860 3	
175		1055		5		856 3	858 3	
176		1054		5		854 3	856 3	
177		1053		5		852 3	854 3	
178		1052		5		850 3	852 3	
179		1051		5		848 3	850 3	
180		1050		5		846 3	848 3	
181		1049		5		844 3	846 3	
182		1048		5		842 3	844 3	
183		1047		5		840 3	842 3	
184		1046		5		838 3	840 3	
185		1045		5		836 3	838 3	
186		1045		5		834 3	836 3	
187		1044		5		832 3	834 3	
188		1043		5		830 3	832 3	
189		1042		5		828 3	830 3	
190		1041		5		826 3	828 3	
191		1040		5		824 3	826 3	
192		1039		5		822 3	824 3	
193		1038		5		820 3	822 3	
194		1037		5		818 3	820 3	
195		1036		5		816 3	818 3	
196		1035		5		814 3	816 3	
197		1034		5		812 3	814 3	
198		1033		5		810 3	812 3	
199		1032		5		808 3	810 3	
200		1031		5		806 3	808 3	
201		1030		5		804 3	806 3	
202		1029		5		802 3	804 3	
203		1028		5		800 3	802 3	
204		1026		5		798 3	800 3	
205		1025		5		796 3	798 3	
206		1024		5		794 3	796 3	
207		1023		5		792 3	794 3	
208		1022		5		790 3	792 3	
209		1021		5		788 3	790 3	
210		1020		5		786 3	788 3	
211		1019		5		784 3	786 3	
212		1018		5		782 3	784 3	
213		1017		5		780 3	782 3	
214		1016		5		778 3	780 3	
215		1015		5		776 3	778 3	
216		1014		5		774 3	776 3	
217		1013		5		772 3	774 3	
218		1012		5		770 3	772 3	
219		1011		5		768 3	770 3	
220		1010		5		766 3	768 3	
221		1009		5		764 3	766 3	
222		1008		5		762 3	764 3	
223		1007		5		760 3	762 3	
224		1006		5		758 3	760 3	
225		1005		5		756 3	758 3	
226		1004		5		754 3	756 3	
227		1003		5		752 3	754 3	
228		1002		5		750 3	752 3	
229		1001		5		748 3	750 3	
230		1000		5		746 3	748 3	
231		999		5		744 3	746 3	
232		998		5		742 3	744 3	
233		997		5		740 3	742 3	
234		996		5		738 3	740 3	
235		995		5		736 3	738 3	
236		994		5		734 3	736 3	
237		993		5		732 3	734 3	
238		992		5		730 3	732 3	
239		991		5		728 3	730 3	
240		990		5		726 3	728 3	
241		989		5		724 3	726 3	
242		988		5		722 3	724 3	
243		987		5		720 3	722 3	
244		986		5		718 3	720 3	
245		985		5		716 3	718 3	
246		984		5		714 3	716 3	
247		983		5		712 3	714 3	
248		982		5		710 3	712 3	
249		981		5		708 3	710 3	
250		980		5		706 3	708 3	
251		979		5		704 3	706 3	
252		978		5		702 3	704 3	
253		977		5		700 3	702 3	
254		976		5		698 3	700 3	
255		975		5		696 3	698 3	
256		974		5		694 3	696 3	
257		973		5		692 3	694 3	
258		972		5		690 3	692 3	
259		971		5		688 3	690 3	
260		970		5		686 3	688 3	
261		969		5		684 3	686 3	
262		968		5		682 3	684 3	
263		967		5		680 3	682 3	
264		966		5		678 3	680 3	
265		965		5		676 3	678 3	
266		964		5		674 3	676 3	
267		963		5		672 3	674 3	
268		962		5		670 3	672 3	
269		961		5		668 3	670 3	
270		960		5		666 3	668 3	
271		959		5		664 3	666 3	
272		958		5		662 3	664 3	
273		957		5		660 3	662 3	
274		956		5		658 3	660 3	
275		955		5		656 3	658 3	
276		954		5		654 3	656 3	
277		953		5		652 3	654 3	
278		952		5		650 3	652 3	
279		951		5		648 3	650 3	
280		950		5		646 3	648 3	
281		949		5		644 3	646 3	
282		948		5		642 3	644 3	
283		947		5		640 3	642 3	
284		946		5		638 3	640 3	
285		945		5		636 3	638 3	
286		944		5		634 3	636 3	
287		943		5		632 3	634 3	
288		942		5		630 3	632 3	
289		941		5		628 3	630 3	
290		940		5		626 3	628 3	
291		939		5		624 3	626 3	
292		938		5		622 3	624 3	
293		937		5		620 3	622 3	
294		936		5		618 3	620 3	
295		935		5		616 3	618 3	
296		934		5		614 3	616 3	
297		933		5		612 3	614 3	
298		932		5		610 3	612 3	
299		931		5		608 3	610 3	
300		930		5		606 3	608 3	
301		929		5		604 3	606 3	
302		928		5		602 3	604 3	
303		927		5		600 3	602 3	
304		926		5		598 3	600 3	
305		925		5		596 3	598 3	
306		924		5		594 3	596 3	
307		923		5		592 3	594 3	
308		922		5		590 3	592 3	
309		921		5		588 3	590 3	
310		920		5		586 3	588 3	
311		919		5		584 3	586 3	
312		918		5		582 3	584 3	
313		917		5		580 3	582 3	
314		916		5		578 3	580 3	
315		915		5		576 3	578 3	
316		914		5		574 3	576 3	
317		914		5		572 3	574 3	
318		913		5		570 3	572 3	
319		912		5		568 3	570 3	
320		911		5		566 3	568 3	
321		910		5		564 3	566 3	
322		909		5		562 3	564 3	
323		908		5		560 3	562 3	
324		907		5		558 3	560 3	
325		906		5		556 3	558 3	
326		905		5		554 3	556 3	
327		904		5		552 3	554 3	
328		903		5		550 3	552 3	
329		902		5		548 3	550 3	
330		901		5		546 3	548 3	
331		900		5		544 3	546 3	
332		899		5		542 3	544 3	
333		898		5		540 3	542 3	
334		897		5		538 3	540 3	
335		896		5		536 3	538 3	
336		895		5		534 3	536 3	
337		894		5		532 3	534 3	
338		893		5		530 3	532 3	
339		892		5		528 3	530 3	
340		891		5		526 3	528 3	
341		890		5		524 3	526 3	
342		889		5		522 3	524 3	
343		888		5		520 3	522 3	
344		887		5		518 3	520 3	
345		885		5		516 3	518 3	
346		884		5		514 3	516 3	
347		883		5		512 3	514 3	
348		882		5		510 3	512 3	
